p 0.04237452149391174 -1.3717238903045654 0.159942626953125
c 0.5423746109008789 -0.8717238903045654 0.159942626953125
c -2.064941883087158 26.116374969482422 -0.11906841397285461
p -0.20196008682250977 27.497568130493164 -0.03110218048095703
p -0.20196008682250977 27.497568130493164 -0.03110218048095703
c 0.6007621884346008 28.092697143554688 0.006800740957260132
c 11.876127243041992 27.591707229614258 -0.024881545454263687
p 12.798040390014648 26.497568130493164 -0.03110218048095703
p 12.798040390014648 26.497568130493164 -0.03110218048095703
c 31.30729103088379 4.530538558959961 -0.15599387884140015
c 26.657882690429688 39.05292510986328 0.8209586143493652
p 23.7481746673584 40.43299865722656 -0.03110218048095703
p 23.7481746673584 40.43299865722656 -0.03110218048095703
c 18.89777374267578 42.733543395996094 -1.4514634609222412
c 6.631692886352539 49.18543243408203 -2.8144567012786865
p 6.4731597900390625 40.43299865722656 -0.03110218048095703
p 6.4731597900390625 40.43299865722656 -0.03110218048095703
c 6.331111431121826 32.59066390991211 2.462832450866699
c 6.612312316894531 2.808314323425293 19.505146026611328
p 6.4731597900390625 10.85462760925293 18.77336311340332
p 6.4731597900390625 10.85462760925293 18.77336311340332
c 6.311687469482422 20.191539764404297 17.924205780029297
c 4.024808883666992 26.032987594604492 18.18758773803711
p 12.078012466430664 26.35047149658203 18.77336311340332
p 12.078012466430664 26.35047149658203 18.77336311340332
c 43.454383850097656 27.587430953979492 21.055622100830078
c 4.988852500915527 26.528057098388672 19.461523056030273
p -1.6105155944824219 27.26021385192871 18.77336311340332
p -1.6105155944824219 27.26021385192871 18.77336311340332
c -11.468120574951172 28.353851318359375 17.745445251464844
c -14.907143592834473 24.876453399658203 26.902545928955078
p -13.045601844787598 27.26021385192871 0.16181182861328125
p -13.045601844787598 27.26021385192871 0.16181182861328125
c -12.833748817443848 27.531497955322266 -2.881420850753784
c 8.703137397766113 18.612850189208984 0.24579867720603943
p -4.524325370788574 43.03401184082031 0.16181182861328125
p -4.524325370788574 43.03401184082031 0.16181182861328125
c -6.7640838623046875 47.169158935546875 0.14759063720703125
c -4.61599588394165 46.076385498046875 0.20142266154289246
p -5.504993438720703 70.38370513916016 0.16181182861328125
