-0.0018892288208007812 -1.8981928825378418 0.9983539581298828
-0.0018892288208007812 26.430509567260742 0.48924005031585693
13.812699317932129 19.984933853149414 0.48924005031585693
24.939067840576172 41.272552490234375 0.48924005031585693
7.498805999755859 22.183595657348633 9.460906982421875
7.498805999755859 14.720968246459961 18.78520965576172
21.485260009765625 26.255084991455078 18.78520965576172
-12.938995361328125 26.255084991455078 8.885488510131836
-4.268834114074707 48.459228515625 -1.129979133605957
-5.505646705627441 79.45005798339844 3.81331205368042
-5.231534481048584 102.75738525390625 -2.8264031410217285
0.9609661102294922 68.88137817382812 -4.376279830932617
